     0/299     2.45G   0.08211   0.02181   0.04497    0.1489       181       640   0.03412   0.03065   0.02046  0.004307   0.05332   0.02873   0.02959
     1/299     2.48G   0.06371   0.02354   0.03217    0.1194       145       640   0.06734    0.1143   0.06591   0.01558   0.05547   0.02744   0.02443
     2/299     2.48G   0.05968   0.02284   0.02784    0.1104       157       640    0.1464    0.2488    0.1437   0.03398   0.04487   0.02698   0.02024
     3/299     2.48G   0.05405   0.02245   0.02391    0.1004        97       640    0.2543    0.3396    0.2371   0.06117   0.04173   0.02598     0.017
     4/299     2.48G   0.04988   0.02189   0.02017   0.09194       108       640    0.2775    0.4298    0.3455    0.1224    0.0377   0.02566   0.01451
     5/299     2.48G   0.04808   0.02162   0.01828   0.08798       165       640    0.2649     0.476    0.3748    0.1408   0.03594   0.02524   0.01347
     6/299     2.48G   0.04609   0.02157   0.01696   0.08462       120       640    0.2945     0.503    0.4092    0.1611   0.03371   0.02508     0.012
     7/299     2.48G   0.04543   0.02146   0.01618   0.08307       132       640    0.3491    0.5235      0.42    0.1689    0.0332   0.02462   0.01169
     8/299     2.48G   0.04479   0.02115   0.01494   0.08088       125       640    0.3104     0.533    0.4288    0.1722   0.03335   0.02432   0.01078
     9/299     2.48G   0.04374    0.0212   0.01477   0.07971        76       640     0.321    0.5449    0.4422    0.1829   0.03198   0.02433   0.01057
    10/299     2.48G   0.04273   0.02087    0.0138   0.07741       185       640    0.3122    0.5561    0.4494    0.1839   0.03174   0.02426    0.0104
    11/299     2.48G   0.04283   0.02088   0.01375   0.07746       160       640    0.3735    0.5725    0.4627    0.1929   0.03144   0.02405  0.009842
    12/299     2.48G    0.0416   0.02053   0.01325   0.07537       143       640     0.341    0.5875    0.4718     0.201   0.03106   0.02385  0.009466
    13/299     2.48G   0.04189   0.02062   0.01313   0.07563        93       640    0.3438    0.5883    0.4701    0.1989   0.03085   0.02385  0.009727
    14/299     2.48G   0.04128   0.02054    0.0125   0.07433       127       640    0.3642    0.5951    0.4843    0.2147   0.02983   0.02342  0.009018
    15/299     2.48G    0.0406   0.02052   0.01223   0.07336       139       640    0.3736    0.5925    0.4875    0.2149   0.03077   0.02348   0.00929
    16/299     2.48G   0.04015   0.02028    0.0118   0.07223       138       640    0.3615      0.61    0.4964    0.2225   0.02981   0.02347  0.008884
    17/299     2.48G   0.03998    0.0204   0.01163   0.07202        83       640    0.3665    0.6099    0.4959    0.2126   0.02911   0.02355  0.008702
    18/299     2.48G   0.04005   0.02021   0.01165   0.07191       168       640    0.3843    0.6091    0.5005    0.2209   0.02866   0.02336  0.008585
    19/299     2.48G   0.03945   0.02053   0.01134   0.07132       148       640     0.393    0.6171      0.51    0.2302   0.02885   0.02311  0.008358
    20/299     2.48G   0.03949   0.02036   0.01179   0.07164       170       640    0.4322    0.6322    0.5178    0.2372   0.02865   0.02304   0.00817
    21/299     2.48G    0.0394   0.02004   0.01158   0.07102       120       640     0.416    0.6228    0.5193    0.2288   0.02952   0.02351  0.008183
    22/299     2.48G   0.03952   0.02042    0.0112   0.07113       104       640    0.3871    0.6225    0.5237    0.2327   0.02899   0.02334  0.008089
    23/299     2.48G   0.03871   0.02046   0.01093    0.0701       143       640    0.3845    0.6329    0.5297     0.239   0.02903   0.02327  0.008082
    24/299     2.48G   0.03787    0.0204    0.0107   0.06897       191       640    0.4064    0.6416    0.5449    0.2523   0.02799   0.02295  0.007806
    25/299     2.48G    0.0389   0.02016   0.01108   0.07013       100       640     0.423    0.6339    0.5402    0.2474    0.0281   0.02314  0.007953
    26/299     2.48G   0.03838   0.02018   0.01099   0.06955       119       640     0.426    0.6488    0.5555    0.2567   0.02755   0.02288  0.007688
    27/299     2.48G   0.03763   0.02002    0.0105   0.06815       138       640    0.4074    0.6314    0.5475    0.2453   0.02936   0.02335  0.007842
    28/299     2.48G   0.03785   0.02005   0.01062   0.06851       142       640     0.419    0.6453    0.5568    0.2551   0.02856   0.02288  0.007457
    29/299     2.48G     0.038   0.02012    0.0104   0.06853       167       640    0.4623    0.6489    0.5696    0.2647   0.02744   0.02278  0.007316
    30/299     2.48G   0.03747   0.02002   0.00995   0.06744       138       640     0.452    0.6583    0.5765    0.2589   0.02811   0.02317  0.007247
    31/299     2.48G   0.03714   0.01991   0.01016    0.0672       148       640    0.4529     0.657      0.58    0.2649   0.02758   0.02315   0.00724
    32/299     2.48G    0.0369    0.0199  0.009701   0.06651       200       640    0.4223     0.665    0.5947    0.2804   0.02732   0.02266  0.006988
    33/299     2.48G   0.03676   0.02004  0.009643   0.06644       144       640    0.4307    0.6653    0.5992    0.2786   0.02711   0.02261  0.006781
    34/299     2.48G   0.03776   0.01987  0.009476    0.0671       131       640    0.4285     0.665    0.5995    0.2798   0.02732   0.02285  0.006842
    35/299     2.48G   0.03692   0.01985  0.009735    0.0665       186       640    0.4719    0.6665    0.5958    0.2754   0.02816   0.02293  0.006863
    36/299     2.48G   0.03707   0.02009  0.009631   0.06679        82       640    0.4636    0.6666    0.6061    0.2846   0.02704   0.02264  0.006725
    37/299     2.48G   0.03675    0.0198  0.009148    0.0657       155       640     0.482    0.6766    0.6232    0.2962   0.02694   0.02245   0.00642
    38/299     2.48G    0.0366   0.01999  0.009328   0.06591       119       640    0.4849    0.6763    0.6202    0.2954   0.02632   0.02235  0.006433
    39/299     2.48G   0.03646    0.0198  0.009487   0.06575       103       640    0.4777    0.6741    0.6331    0.2956   0.02667   0.02274  0.006452
    40/299     2.48G    0.0367    0.0199  0.009624   0.06623       174       640    0.4873    0.6797    0.6349    0.2968   0.02755   0.02287  0.006401
    41/299     2.48G   0.03643   0.01978  0.009524   0.06573        86       640    0.4991    0.6841    0.6478    0.3085   0.02624   0.02233  0.006459
    42/299     2.48G   0.03619   0.01958  0.009036   0.06481       186       640    0.5333    0.6816    0.6487    0.3107   0.02638   0.02227  0.006567
    43/299     2.48G   0.03526   0.01964  0.008678   0.06359       111       640    0.5344    0.6893    0.6709    0.3216   0.02571   0.02217  0.006004
    44/299     2.48G   0.03591   0.01951  0.008477    0.0639       144       640    0.5858    0.6901    0.6711    0.3229   0.02586   0.02219  0.005995
    45/299     2.48G   0.03553   0.01936  0.008426   0.06332       141       640    0.5748    0.7056    0.6838    0.3255   0.02585    0.0222  0.005746
    46/299     2.48G   0.03531   0.01949  0.008521   0.06332       133       640    0.5373    0.6902    0.6721    0.3239   0.02589   0.02223  0.005808
    47/299     2.48G   0.03543   0.01962  0.008668   0.06371       117       640    0.5274    0.7109    0.6896    0.3295   0.02579   0.02231  0.005598
    48/299     2.48G   0.03575   0.01982  0.008523    0.0641       188       640    0.5426    0.6909      0.67    0.3204   0.02583   0.02222  0.005792
    49/299     2.48G   0.03574   0.01952  0.008422   0.06368       108       640    0.5419    0.7185    0.6934    0.3311   0.02542   0.02218  0.005511
    50/299     2.48G   0.03574   0.01956  0.008638   0.06394       164       640    0.5585    0.7108    0.6902    0.3226   0.02594   0.02248  0.005561
    51/299     2.48G   0.03504   0.01981  0.008443    0.0633       126       640    0.5381    0.7394    0.7012    0.3386   0.02538   0.02206  0.005373
    52/299     2.48G   0.03543   0.01971  0.008107   0.06325        98       640    0.5769    0.7312    0.7051    0.3397   0.02563   0.02206   0.00526
    53/299     2.48G   0.03501   0.01952  0.008088   0.06262        99       640    0.5719    0.7507    0.7136    0.3432    0.0254    0.0222  0.005239
    54/299     2.48G   0.03501   0.01946   0.00787   0.06234       106       640    0.5637    0.7527    0.7143    0.3451    0.0254   0.02212  0.005007
    55/299     2.48G   0.03545   0.01966   0.00793   0.06304        75       640    0.5707    0.7566    0.7183    0.3507   0.02499   0.02196  0.004993
    56/299     2.48G   0.03543   0.01942  0.007887   0.06274       140       640    0.5775    0.7551    0.7238     0.353    0.0251   0.02202  0.004907
    57/299     2.48G   0.03466   0.01951  0.007506   0.06167       153       640    0.5707    0.7572    0.7262    0.3575    0.0251   0.02183   0.00489
    58/299     2.48G   0.03477   0.01937  0.007535   0.06167        87       640    0.5878     0.744    0.7311    0.3592   0.02497   0.02185  0.004768
    59/299     2.48G   0.03428   0.01936  0.007819   0.06146       170       640    0.5886    0.7455    0.7274    0.3577   0.02477   0.02177  0.004819
    60/299     2.48G   0.03469   0.01941   0.00765   0.06175       173       640    0.5567    0.7629    0.7282    0.3525   0.02497   0.02195  0.004775
    61/299     2.48G   0.03429   0.01936  0.007505   0.06115       175       640    0.5776    0.7571    0.7332    0.3563   0.02498   0.02191   0.00458
    62/299     2.48G   0.03492   0.01949  0.007091    0.0615       201       640    0.5895     0.756    0.7397    0.3618   0.02522   0.02185  0.004553
    63/299     2.48G   0.03436   0.01938  0.007412   0.06115       104       640    0.5552    0.7612    0.7422    0.3648   0.02474   0.02181  0.004549
    64/299     2.48G   0.03423   0.01936  0.007209    0.0608        86       640    0.5861    0.7636    0.7436    0.3658   0.02447   0.02173  0.004401
    65/299     2.48G   0.03484   0.01922  0.007044   0.06111       149       640    0.5811    0.7633    0.7456    0.3671   0.02464   0.02175  0.004333
    66/299     2.48G   0.03407   0.01946  0.007065   0.06059       199       640    0.5699    0.7687    0.7463    0.3676   0.02485   0.02166  0.004288
    67/299     2.48G   0.03506   0.01952  0.007352   0.06193        88       640    0.5854    0.7616    0.7407    0.3595    0.0248   0.02187    0.0044
    68/299     2.48G   0.03487   0.01947  0.007295   0.06164       181       640    0.5723    0.7682    0.7463    0.3648    0.0247   0.02188   0.00427
    69/299     2.48G   0.03479   0.01949  0.006796   0.06108       130       640    0.5747    0.7734    0.7481    0.3665    0.0247    0.0218  0.004197
    70/299     2.48G   0.03452   0.01942  0.006914   0.06086       106       640    0.5735    0.7778    0.7539    0.3731   0.02437   0.02176  0.004075
    71/299     2.48G   0.03451   0.01939  0.007171   0.06107        86       640    0.5897    0.7646    0.7468    0.3702    0.0245   0.02166  0.004247
    72/299     2.48G   0.03469    0.0194  0.007083   0.06117       148       640    0.5806    0.7794    0.7555    0.3763   0.02423   0.02163  0.003983
    73/299     2.48G   0.03423   0.01927  0.006671   0.06017       150       640    0.5859    0.7832    0.7587    0.3794   0.02418   0.02162  0.003957
    74/299     2.48G   0.03387    0.0192  0.006783   0.05985       148       640    0.5925    0.7855    0.7644    0.3824   0.02405   0.02152   0.00389
    75/299     2.48G   0.03432   0.01925  0.006731    0.0603       160       640    0.5836    0.7832    0.7623     0.382   0.02437   0.02151  0.003861
    76/299     2.48G   0.03463   0.01956  0.007065   0.06126       143       640    0.5842    0.7818    0.7585    0.3765   0.02418   0.02162  0.003927
    77/299     2.48G   0.03418    0.0192  0.006874   0.06025       133       640    0.5897    0.7748    0.7538    0.3753   0.02413   0.02162  0.004001
    78/299     2.48G   0.03396   0.01924  0.006813   0.06001       137       640    0.5852    0.7816    0.7605    0.3817   0.02408   0.02151  0.003838
    79/299     2.48G   0.03376   0.01922  0.006651   0.05963       167       640    0.5983    0.7875    0.7657     0.385   0.02394    0.0215  0.003808
    80/299     2.48G   0.03396   0.01937  0.006517   0.05984       137       640    0.5961    0.7852    0.7662    0.3839   0.02386    0.0215  0.003772
    81/299     2.48G     0.034   0.01941   0.00698    0.0604       122       640    0.5934     0.793    0.7701    0.3872   0.02367   0.02143  0.003607
    82/299     2.48G   0.03448   0.01957  0.006926   0.06098        76       640    0.5858    0.7803    0.7583    0.3781   0.02402   0.02155  0.003801
    83/299     2.48G   0.03407   0.01948  0.006517   0.06006       142       640      0.59    0.7909    0.7646    0.3813   0.02388   0.02149  0.003717
    84/299     2.48G   0.03372   0.01924  0.006987   0.05994       143       640    0.5836    0.7926    0.7693    0.3858   0.02386   0.02146  0.003767
    85/299     2.48G   0.03402   0.01927  0.006689   0.05999       142       640    0.5999     0.776    0.7571    0.3787   0.02407   0.02147  0.003797
    86/299     2.48G   0.03414   0.01914  0.006471   0.05975       125       640    0.6031    0.7769    0.7645    0.3844    0.0238   0.02142  0.003712
    87/299     2.48G   0.03356     0.019  0.006587   0.05915       112       640    0.5875    0.7953    0.7724    0.3861   0.02367   0.02144  0.003572
    88/299     2.48G   0.03384   0.01922  0.006003   0.05906       211       640    0.5937    0.8005    0.7769    0.3888   0.02376   0.02143  0.003423
    89/299     2.48G   0.03392   0.01919  0.006462   0.05957       135       640     0.599    0.8011    0.7795    0.3901   0.02378   0.02146  0.003799
    90/299     2.48G   0.03395   0.01927   0.00617   0.05939       107       640    0.5873    0.8035    0.7793    0.3919    0.0236   0.02136  0.003447
    91/299     2.48G   0.03333   0.01935   0.00647   0.05915       131       640    0.5895    0.8022    0.7788    0.3917   0.02346   0.02134  0.003531
    92/299     2.48G   0.03323   0.01924  0.006726   0.05919       197       640    0.6029    0.8033    0.7809     0.396   0.02345    0.0213  0.003386
    93/299     2.48G    0.0341   0.01958  0.006169   0.05985       108       640    0.6007    0.8047    0.7827    0.3929   0.02387    0.0214  0.003258
    94/299     2.48G   0.03337   0.01929  0.005821   0.05848       169       640    0.6027    0.8078    0.7876    0.3976   0.02382   0.02131  0.003159
    95/299     2.48G   0.03351   0.01935  0.006352   0.05921        82       640    0.5998    0.8085    0.7843    0.3954   0.02355   0.02131  0.003288
    96/299     2.48G    0.0336   0.01909  0.006346   0.05904       146       640    0.5979    0.8098    0.7846    0.3975   0.02345   0.02127  0.003228
    97/299     2.48G   0.03294   0.01917   0.00574   0.05785       111       640    0.5982    0.8143    0.7895    0.3993   0.02338   0.02123  0.003137
    98/299     2.48G   0.03359   0.01913  0.005881    0.0586       120       640    0.5929    0.8137    0.7895    0.4002   0.02331   0.02125  0.003099
    99/299     2.48G   0.03295   0.01897  0.005939   0.05785       162       640    0.5993    0.8144    0.7906    0.4038    0.0233    0.0212  0.003091
   100/299     2.48G    0.0333   0.01908  0.005865   0.05824       150       640       0.6    0.8163    0.7929    0.4027    0.0232   0.02117  0.003052
   101/299     2.48G   0.03338   0.01904  0.006223   0.05865       130       640    0.6077    0.8174    0.7937    0.4039   0.02316   0.02117  0.003054
   102/299     2.48G   0.03312   0.01916  0.005551   0.05783       159       640    0.6108     0.818    0.7951    0.4067   0.02311   0.02115  0.003008
   103/299     2.48G    0.0325   0.01889  0.005199   0.05659       159       640    0.6134    0.8183    0.7989    0.4094   0.02302   0.02109  0.002932
   104/299     2.48G    0.0331   0.01893  0.005608   0.05764       156       640    0.6105    0.8192    0.7984    0.4095   0.02302    0.0211  0.002899
   105/299     2.48G   0.03289   0.01887  0.005156   0.05691       128       640    0.6102    0.8215    0.8033    0.4121   0.02299   0.02106  0.002826
   106/299     2.48G    0.0329   0.01896  0.005439    0.0573       196       640    0.6099    0.8252    0.8044    0.4122   0.02298   0.02107  0.002823
   107/299     2.48G   0.03291   0.01905  0.006154   0.05811       121       640    0.6049    0.8212       0.8    0.4114   0.02298   0.02108  0.002909
   108/299     2.48G   0.03285   0.01905  0.005619   0.05752       161       640    0.6077    0.8201    0.7997    0.4112   0.02301   0.02107  0.002883
   109/299     2.48G   0.03293   0.01902  0.005775   0.05772       191       640    0.6086    0.8219    0.8015     0.411   0.02305   0.02107  0.002855
   110/299     2.48G   0.03338   0.01918  0.005705   0.05827       154       640    0.6067    0.8204    0.7992    0.4081   0.02313   0.02112  0.002907
   111/299     2.48G   0.03271   0.01906  0.005775   0.05755       135       640    0.5998    0.8221     0.799    0.4086   0.02303   0.02111   0.00295
   112/299     2.48G   0.03242   0.01901  0.005862   0.05729       194       640    0.6013    0.8215    0.7989      0.41   0.02297   0.02108  0.002891
   113/299     2.48G   0.03301   0.01937  0.005861   0.05825       176       640    0.6001    0.8238    0.8004      0.41   0.02303   0.02108   0.00286
   114/299     2.48G   0.03253   0.01891  0.005341   0.05678       133       640    0.6025    0.8232    0.8018    0.4089   0.02302   0.02109  0.002801
   115/299     2.48G   0.03236   0.01909  0.005533   0.05699       158       640     0.605     0.825    0.8034    0.4101   0.02291   0.02108  0.002765
   116/299     2.48G   0.03209   0.01904   0.00542   0.05655       138       640    0.6055    0.8257     0.804    0.4103   0.02283   0.02106  0.002748
   117/299     2.48G   0.03251   0.01905  0.005509   0.05707        89       640    0.6089    0.8283    0.8067    0.4132   0.02277   0.02102  0.002695
   118/299     2.48G   0.03263   0.01908  0.005599   0.05731       183       640    0.6061    0.8281    0.8068    0.4145   0.02275   0.02102   0.00266
   119/299     2.48G   0.03268   0.01881  0.005314   0.05681       102       640    0.6117    0.8295     0.808    0.4169   0.02271   0.02098  0.002619
   120/299     2.48G   0.03292   0.01898  0.004978   0.05688       123       640     0.614    0.8304    0.8082    0.4168   0.02268   0.02097  0.002599
   121/299     2.48G   0.03259   0.01907  0.004827   0.05649       168       640    0.6159    0.8299    0.8102    0.4183   0.02268   0.02094   0.00257
   122/299     2.48G   0.03222   0.01892  0.005113   0.05626       159       640    0.6146    0.8331    0.8117    0.4191   0.02265   0.02092  0.002561
   123/299     2.48G   0.03289   0.01897  0.005114   0.05697       160       640    0.6159     0.835    0.8134    0.4198   0.02261    0.0209  0.002532
   124/299     2.48G   0.03263   0.01883   0.00488   0.05634       111       640    0.6188    0.8352    0.8142    0.4204   0.02259   0.02089  0.002509
   125/299     2.48G   0.03263   0.01878  0.004919   0.05633       126       640    0.6186    0.8351    0.8164    0.4215   0.02259   0.02086  0.002481
   126/299     2.48G   0.03199   0.01889  0.004941   0.05581        91       640    0.6177    0.8375    0.8179    0.4225   0.02252   0.02084  0.002467
   127/299     2.48G   0.03207   0.01901  0.004893   0.05597       131       640    0.6211    0.8375     0.819    0.4243   0.02248   0.02081  0.002461
   128/299     2.48G   0.03222   0.01881  0.004963     0.056       116       640     0.622    0.8389    0.8204    0.4251   0.02245   0.02078  0.002447
   129/299     2.48G   0.03198   0.01872  0.004813   0.05552        98       640    0.6217      0.84    0.8215    0.4269   0.02241   0.02077  0.002413
   130/299     2.48G   0.03196   0.01867  0.004864   0.05549       103       640    0.6204    0.8411    0.8223    0.4279   0.02241   0.02075  0.002402
   131/299     2.48G   0.03162   0.01881   0.00479   0.05522       111       640    0.6207    0.8421    0.8222    0.4289   0.02238   0.02075  0.002398
   132/299     2.48G   0.03158   0.01884  0.005036   0.05546       168       640    0.6219    0.8411    0.8219    0.4292   0.02236   0.02074  0.002376
   133/299     2.48G   0.03174   0.01878  0.004864   0.05539        80       640    0.6209    0.8415    0.8224    0.4293   0.02234   0.02074  0.002353
   134/299     2.48G   0.03152   0.01872  0.004526   0.05477       111       640    0.6224    0.8414    0.8234    0.4299   0.02238   0.02074  0.002327
   135/299     2.48G   0.03211   0.01876  0.004957   0.05583       145       640    0.6221    0.8412    0.8238    0.4302   0.02237   0.02075  0.002312
   136/299     2.48G   0.03179   0.01878  0.004522    0.0551       142       640    0.6223    0.8417    0.8247    0.4308   0.02232   0.02074  0.002297
   137/299     2.48G   0.03188   0.01879  0.004641   0.05531        62       640    0.6205    0.8414     0.824    0.4317   0.02229   0.02074  0.002288
   138/299     2.48G   0.03146   0.01859    0.0045   0.05455       141       640    0.6201    0.8418    0.8248    0.4324   0.02228   0.02073  0.002281
   139/299     2.48G   0.03163   0.01856  0.004507   0.05469        98       640    0.6242    0.8426    0.8264    0.4335   0.02223   0.02071  0.002252
   140/299     2.48G   0.03147   0.01864  0.004298    0.0544       119       640     0.625    0.8438    0.8278    0.4343   0.02223   0.02069  0.002229
   141/299     2.48G    0.0314   0.01871  0.004877   0.05499       101       640    0.6272    0.8451    0.8287    0.4348   0.02219   0.02069  0.002217
   142/299     2.48G   0.03191   0.01888   0.00485   0.05564       130       640    0.6261     0.845    0.8291    0.4351   0.02214   0.02068   0.00221
   143/299     2.48G   0.03133   0.01867  0.004377   0.05438       186       640    0.6262    0.8456    0.8296    0.4357   0.02213   0.02067  0.002196
   144/299     2.48G   0.03266   0.01885  0.004902   0.05641       148       640    0.6258    0.8459    0.8293    0.4362    0.0221   0.02065  0.002189
   145/299     2.48G   0.03234   0.01883  0.004579   0.05575       180       640    0.6261    0.8465    0.8287    0.4362    0.0221   0.02066   0.00218
   146/299     2.48G   0.03134   0.01893  0.004587   0.05486       103       640    0.6243    0.8464    0.8292    0.4365   0.02208   0.02066   0.00217
   147/299     2.48G   0.03174   0.01868   0.00431   0.05473       173       640    0.6244    0.8472      0.83    0.4368   0.02208   0.02066  0.002155
   148/299     2.48G   0.03136   0.01895  0.004481   0.05479        95       640    0.6258    0.8475    0.8304    0.4373   0.02206   0.02065  0.002141
   149/299     2.48G   0.03134   0.01871  0.004328   0.05438       125       640    0.6255    0.8488    0.8316    0.4374   0.02204   0.02064  0.002126
   150/299     2.48G   0.03148   0.01874  0.004344   0.05456       106       640    0.6237     0.849    0.8322    0.4385   0.02202   0.02063  0.002111
   151/299     2.48G   0.03184   0.01886  0.004193    0.0549       109       640    0.6244    0.8488     0.832    0.4386   0.02206   0.02063  0.002094
   152/299     2.48G    0.0311   0.01848  0.004098   0.05367       151       640    0.6241    0.8495    0.8332    0.4385   0.02205   0.02063  0.002083
   153/299     2.48G   0.03182   0.01872  0.004319   0.05485       126       640    0.6247    0.8493    0.8336     0.439   0.02204   0.02062  0.002071
   154/299     2.48G   0.03087   0.01841  0.004036   0.05332        89       640     0.625    0.8498    0.8338    0.4395   0.02201    0.0206  0.002058
   155/299     2.48G   0.03135   0.01876  0.004185   0.05429       109       640    0.6258    0.8507    0.8348    0.4402     0.022   0.02059  0.002042
   156/299     2.48G   0.03254   0.01872  0.004641    0.0559       132       640    0.6269    0.8508     0.835    0.4407   0.02198   0.02058   0.00203
   157/299     2.48G   0.03164   0.01871  0.004209   0.05456       191       640     0.626     0.851    0.8347    0.4415   0.02199   0.02058  0.002019
   158/299     2.48G   0.03137   0.01876  0.004263   0.05439        72       640     0.627     0.851    0.8349    0.4417     0.022   0.02057  0.002009
   159/299     2.48G   0.03081   0.01841  0.004014   0.05324       203       640    0.6276    0.8517    0.8366    0.4423   0.02198   0.02056  0.002001
   160/299     2.48G   0.03095   0.01867  0.003922   0.05354       134       640    0.6282    0.8519    0.8369    0.4426   0.02197   0.02055  0.001993
   161/299     2.48G   0.03087   0.01854  0.004115   0.05352       140       640    0.6289    0.8527    0.8378    0.4437   0.02195   0.02054  0.001983
   162/299     2.48G   0.03109   0.01853  0.004067   0.05369       133       640    0.6281     0.853    0.8381     0.444   0.02193   0.02053  0.001975
   163/299     2.48G   0.03057   0.01846   0.00433   0.05336       143       640    0.6301    0.8533    0.8379    0.4443    0.0219   0.02051  0.001968
   164/299     2.48G   0.03095   0.01843  0.004146   0.05352       140       640    0.6321     0.854    0.8385    0.4447   0.02189    0.0205  0.001958
   165/299     2.48G   0.03061   0.01847    0.0039   0.05299       206       640    0.6328    0.8544    0.8393    0.4451   0.02187   0.02049  0.001947
   166/299     2.48G   0.03112   0.01844  0.003819   0.05338        91       640    0.6343     0.855    0.8401    0.4463   0.02185   0.02048  0.001937
   167/299     2.48G   0.03064   0.01839  0.003795   0.05283       109       640    0.6346    0.8548    0.8407    0.4469   0.02184   0.02047  0.001927
   168/299     2.48G   0.03113   0.01848  0.003945   0.05355       236       640    0.6359    0.8555    0.8417    0.4476   0.02182   0.02046  0.001918
   169/299     2.48G   0.03093   0.01848   0.00377   0.05318        95       640     0.636     0.856    0.8421    0.4478    0.0218   0.02045  0.001908
   170/299     2.48G    0.0306    0.0184  0.003864   0.05286       190       640     0.636    0.8559    0.8419    0.4483   0.02179   0.02044  0.001898
   171/299     2.48G   0.03066    0.0184  0.003762   0.05282       121       640    0.6365    0.8554    0.8409    0.4486   0.02178   0.02044  0.001888
   172/299     2.48G    0.0311   0.01868  0.004108   0.05389       134       640    0.6362    0.8555    0.8411    0.4486   0.02176   0.02043  0.001883
   173/299     2.48G   0.03063    0.0185  0.004058   0.05319       154       640    0.6373    0.8562    0.8419    0.4488   0.02175   0.02042  0.001876
   174/299     2.48G   0.03093   0.01844   0.00423    0.0536        87       640    0.6384    0.8572     0.843    0.4488   0.02174   0.02042  0.001871
   175/299     2.48G   0.03049   0.01834  0.004013   0.05284       193       640    0.6387    0.8575    0.8425    0.4491   0.02173   0.02041  0.001867
   176/299     2.48G   0.03026   0.01839  0.003915   0.05256       195       640    0.6382    0.8575    0.8424    0.4494   0.02172   0.02041   0.00186
   177/299     2.48G   0.03055   0.01836  0.004006   0.05292       131       640    0.6376    0.8576    0.8424    0.4495   0.02172    0.0204  0.001853
   178/299     2.48G   0.03036   0.01849  0.004111   0.05296       112       640    0.6382     0.858     0.843    0.4495   0.02171    0.0204  0.001847
   179/299     2.48G    0.0308   0.01838   0.00408   0.05326       143       640    0.6383    0.8575    0.8423    0.4499   0.02171   0.02039  0.001842
   180/299     2.48G   0.03037   0.01832  0.003865   0.05255       110       640    0.6394    0.8586    0.8439    0.4505    0.0217   0.02038  0.001836
   181/299     2.48G   0.03111   0.01836  0.003872   0.05335       153       640    0.6398    0.8596    0.8444    0.4508   0.02169   0.02038   0.00183
   182/299     2.48G   0.03049   0.01834  0.003731   0.05256        84       640    0.6409    0.8604    0.8453    0.4511   0.02168   0.02037  0.001825
   183/299     2.48G   0.03001   0.01837  0.003696   0.05207       110       640    0.6426    0.8601    0.8455    0.4514   0.02167   0.02037   0.00182
   184/299     2.48G   0.02995   0.01827  0.003671   0.05189       181       640    0.6436    0.8605    0.8459    0.4518   0.02166   0.02036  0.001813
   185/299     2.48G   0.03065   0.01834  0.003822   0.05281       116       640    0.6433    0.8606     0.846     0.452   0.02165   0.02035  0.001806
   186/299     2.48G   0.03102   0.01848  0.003882   0.05339       114       640    0.6436    0.8607    0.8464    0.4524   0.02164   0.02035  0.001799
   187/299     2.48G   0.03007   0.01835  0.003757   0.05217       125       640    0.6437    0.8607    0.8468    0.4528   0.02163   0.02034  0.001793
   188/299     2.48G   0.03021   0.01839  0.003907   0.05251       153       640    0.6439    0.8603    0.8467    0.4531   0.02162   0.02034  0.001787
   189/299     2.48G   0.03075    0.0185  0.003719   0.05297       130       640    0.6436    0.8604    0.8468    0.4535   0.02161   0.02033  0.001781
   190/299     2.48G   0.03032   0.01829    0.0039   0.05251       107       640    0.6438    0.8605     0.847    0.4539   0.02159   0.02033  0.001776
   191/299     2.48G   0.03024   0.01832  0.003735   0.05229       135       640    0.6441    0.8609    0.8471    0.4545   0.02158   0.02033  0.001771
   192/299     2.48G   0.02987   0.01837  0.003301   0.05154       186       640    0.6443    0.8607    0.8473    0.4547   0.02157   0.02032  0.001765
   193/299     2.48G   0.03081   0.01868   0.00372   0.05321       165       640    0.6445    0.8609    0.8473    0.4548   0.02156   0.02032  0.001759
   194/299     2.48G   0.03047   0.01847  0.004506   0.05344       132       640    0.6444    0.8615    0.8479    0.4549   0.02155   0.02031  0.001758
   195/299     2.48G   0.03089    0.0186  0.003919   0.05341       115       640    0.6446    0.8619     0.848    0.4553   0.02155   0.02031  0.001756
   196/299     2.48G   0.03066   0.01862  0.003759   0.05304        96       640     0.644    0.8618    0.8478    0.4555   0.02154   0.02031  0.001755
   197/299     2.48G    0.0302   0.01852  0.003862   0.05259        86       640    0.6446    0.8625    0.8486    0.4554   0.02153   0.02031  0.001753
   198/299     2.48G   0.03046    0.0185  0.004042     0.053       167       640    0.6449    0.8628    0.8491    0.4557   0.02153   0.02031  0.001751
   199/299     2.48G   0.02974    0.0183  0.003525   0.05157       109       640    0.6453    0.8631    0.8493    0.4558   0.02152    0.0203  0.001749
   200/299     2.48G   0.02998   0.01795  0.003423   0.05136       104       640    0.6448     0.863    0.8494    0.4557   0.02152    0.0203  0.001747
   201/299     2.48G   0.02939   0.01819  0.003568   0.05115       187       640    0.6451     0.863    0.8495    0.4559   0.02151    0.0203  0.001744
   202/299     2.48G    0.0299   0.01816  0.003399   0.05147       170       640    0.6455     0.863      0.85     0.456   0.02151    0.0203  0.001741
   203/299     2.48G   0.02976    0.0184  0.003623   0.05178       115       640    0.6458    0.8631    0.8493    0.4561    0.0215   0.02029  0.001737
   204/299     2.48G   0.02969    0.0181  0.003806   0.05159       130       640    0.6461    0.8632    0.8494    0.4562   0.02149   0.02029  0.001734
   205/299     2.48G   0.02979   0.01828  0.003566   0.05164       173       640    0.6467    0.8631    0.8498    0.4562   0.02149   0.02029   0.00173
   206/299     2.48G   0.02935   0.01822  0.003476   0.05105       142       640     0.647    0.8632    0.8499    0.4563   0.02148   0.02028  0.001726
   207/299     2.48G   0.02975   0.01818  0.003517   0.05145       154       640    0.6472    0.8633    0.8501    0.4566   0.02147   0.02028  0.001722
   208/299     2.48G   0.02956   0.01823  0.003375   0.05117       159       640    0.6476    0.8638    0.8506    0.4569   0.02147   0.02028  0.001718
   209/299     2.48G    0.0293   0.01801  0.003159   0.05047       162       640    0.6475     0.864    0.8503     0.457   0.02146   0.02027  0.001714
   210/299     2.48G    0.0295     0.018  0.003448   0.05095        77       640    0.6482    0.8641    0.8507    0.4572   0.02146   0.02027   0.00171
   211/299     2.48G   0.02935   0.01824  0.003371   0.05096       101       640    0.6484    0.8642    0.8509    0.4577   0.02145   0.02027  0.001705
   212/299     2.48G   0.02959   0.01838  0.004028     0.052       156       640    0.6491    0.8642    0.8508    0.4577   0.02145   0.02026    0.0017
   213/299     2.48G   0.02946   0.01823  0.003627   0.05132       131       640    0.6498    0.8646    0.8512     0.458   0.02144   0.02026  0.001696
   214/299     2.48G   0.02907   0.01816  0.003679    0.0509       130       640    0.6498    0.8644     0.851     0.458   0.02144   0.02026  0.001692
   215/299     2.48G   0.02915   0.01833  0.003327   0.05081       208       640    0.6506    0.8648    0.8516    0.4583   0.02143   0.02025  0.001687
   216/299     2.48G   0.02962   0.01813  0.003286   0.05103       155       640    0.6505    0.8646    0.8515    0.4585   0.02142   0.02025  0.001682
   217/299     2.48G   0.02937   0.01802  0.003259   0.05065       101       640    0.6513    0.8651     0.852    0.4588   0.02142   0.02024  0.001678
   218/299     2.48G   0.02913   0.01812  0.003172   0.05042       114       640    0.6514    0.8649    0.8517    0.4592   0.02141   0.02024  0.001674
   219/299     2.48G   0.02934   0.01805  0.003249   0.05063       112       640     0.652    0.8651    0.8523    0.4594    0.0214   0.02024  0.001669
   220/299     2.48G   0.02919   0.01813  0.002885   0.05021       150       640    0.6526    0.8651    0.8527    0.4595    0.0214   0.02023  0.001665
   221/299     2.48G   0.02984   0.01832  0.003391   0.05156       130       640    0.6528    0.8652    0.8531    0.4597   0.02139   0.02023   0.00166
   222/299     2.48G   0.02958   0.01814  0.003249   0.05097       106       640    0.6529    0.8652    0.8529    0.4599   0.02138   0.02022  0.001656
   223/299     2.48G   0.02914   0.01805   0.00305   0.05024       126       640     0.653    0.8649    0.8527    0.4602   0.02137   0.02022  0.001652
   224/299     2.48G    0.0291   0.01803  0.003035   0.05016       134       640    0.6537     0.865    0.8529    0.4603   0.02137   0.02022  0.001647
   225/299     2.48G   0.02894   0.01809   0.00313   0.05015       143       640    0.6539    0.8653    0.8533    0.4606   0.02136   0.02021  0.001643
   226/299     2.48G   0.02858   0.01816  0.002806   0.04954       102       640    0.6541    0.8653    0.8533    0.4607   0.02135   0.02021  0.001638
   227/299     2.48G   0.02935   0.01801  0.002768   0.05013       145       640    0.6545    0.8652    0.8533    0.4609   0.02135   0.02021  0.001634
   228/299     2.48G   0.02921    0.0181  0.002927   0.05023       105       640    0.6549    0.8652    0.8535    0.4612   0.02134   0.02021   0.00163
   229/299     2.48G   0.02943   0.01809  0.002887   0.05041        82       640    0.6551    0.8656    0.8538    0.4614   0.02133    0.0202  0.001626
   230/299     2.48G    0.0289   0.01801  0.002856   0.04977       216       640    0.6556    0.8656    0.8543    0.4617   0.02132   0.02019  0.001622
   231/299     2.48G   0.02851   0.01781  0.002716   0.04903       188       640    0.6557    0.8659    0.8541    0.4618   0.02132   0.02019  0.001618
   232/299     2.48G   0.02871   0.01791  0.002627   0.04925       156       640    0.6555    0.8658    0.8541    0.4618   0.02131   0.02019  0.001613
   233/299     2.48G   0.02869   0.01766  0.002818   0.04917       101       640    0.6563    0.8662    0.8548    0.4622   0.02131   0.02019  0.001609
   234/299     2.48G   0.02874   0.01785  0.002845   0.04944       167       640    0.6568    0.8657     0.855    0.4623    0.0213   0.02018  0.001605
   235/299     2.48G   0.02868   0.01783  0.002831   0.04934       124       640    0.6575    0.8658    0.8553    0.4625    0.0213   0.02018  0.001601
   236/299     2.48G     0.029   0.01794  0.002846   0.04979       119       640     0.658    0.8658    0.8551    0.4624   0.02129   0.02017  0.001597
   237/299     2.48G   0.02863   0.01786  0.002813   0.04931       118       640    0.6586     0.866    0.8553    0.4625   0.02128   0.02017  0.001594
   238/299     2.48G   0.02873   0.01805  0.002796   0.04958       125       640     0.659    0.8661     0.856    0.4627   0.02128   0.02016  0.001589
   239/299     2.48G   0.02863     0.018   0.00275   0.04938       118       640     0.659    0.8654    0.8553    0.4629   0.02127   0.02016  0.001586
   240/299     2.48G    0.0282     0.018  0.002548   0.04875       150       640    0.6598    0.8659    0.8558    0.4632   0.02127   0.02016  0.001581
   241/299     2.48G   0.02858   0.01786  0.002649   0.04908       227       640    0.6606    0.8662    0.8559    0.4634   0.02126   0.02016  0.001578
   242/299     2.48G   0.02784   0.01779   0.00267    0.0483        72       640    0.6608    0.8664    0.8561    0.4636   0.02125   0.02015  0.001574
   243/299     2.48G   0.02846   0.01804  0.002955   0.04946       122       640    0.6607    0.8665    0.8563    0.4637   0.02125   0.02015   0.00157
   244/299     2.48G   0.02854   0.01773  0.002827   0.04909       174       640    0.6613    0.8669    0.8564     0.464   0.02124   0.02014  0.001566
   245/299     2.48G   0.02854   0.01763  0.002926    0.0491       108       640    0.6612     0.867    0.8569     0.464   0.02124   0.02014  0.001563
   246/299     2.48G   0.02861   0.01796  0.002815   0.04938        95       640    0.6615    0.8671    0.8571    0.4642   0.02123   0.02013  0.001559
   247/299     2.48G   0.02831    0.0179  0.002694    0.0489       102       640    0.6619    0.8672     0.857    0.4645   0.02123   0.02013  0.001555
   248/299     2.48G   0.02847    0.0177  0.002597   0.04877       123       640    0.6621    0.8672    0.8573    0.4648   0.02122   0.02012  0.001551
   249/299     2.48G   0.02858   0.01786  0.002628   0.04907        85       640    0.6627    0.8677    0.8583    0.4653   0.02121   0.02012  0.001547
   250/299     2.48G   0.02793   0.01798  0.002595   0.04851       149       640    0.6633    0.8681    0.8585    0.4656   0.02121   0.02011  0.001544
   251/299     2.48G   0.02852   0.01762  0.002591   0.04873       105       640    0.6638    0.8682    0.8587    0.4659    0.0212   0.02011   0.00154
   252/299     2.48G   0.02839   0.01776  0.002772   0.04892       153       640    0.6642    0.8688    0.8589     0.466    0.0212   0.02011  0.001536
   253/299     2.48G   0.02811   0.01778  0.002543   0.04844       119       640    0.6645    0.8689    0.8591    0.4663   0.02119    0.0201  0.001533
   254/299     2.48G   0.02811   0.01774  0.002634   0.04848       154       640    0.6649    0.8692    0.8593    0.4663   0.02119    0.0201  0.001529
   255/299     2.48G   0.02856   0.01787  0.003078    0.0495       111       640     0.665     0.869    0.8594    0.4665   0.02118    0.0201  0.001526
   256/299     2.48G   0.02802    0.0178  0.002768   0.04859        94       640    0.6653    0.8688    0.8597    0.4668   0.02118   0.02009  0.001522
   257/299     2.48G    0.0283   0.01782  0.002667   0.04878       106       640    0.6663    0.8686    0.8599    0.4669   0.02117   0.02009  0.001519
   258/299     2.48G   0.02778   0.01765  0.002498   0.04794       181       640    0.6667    0.8688    0.8601     0.467   0.02117   0.02008  0.001515
   259/299     2.48G   0.02748   0.01769  0.002367   0.04754       113       640    0.6673     0.869    0.8602    0.4671   0.02116   0.02008  0.001512
   260/299     2.48G   0.02859    0.0179  0.002949   0.04943       181       640    0.6677    0.8695    0.8604    0.4675   0.02116   0.02008  0.001508
   261/299     2.48G    0.0285   0.01784  0.002728   0.04907       101       640    0.6679    0.8696    0.8606    0.4677   0.02115   0.02007  0.001505
   262/299     2.48G   0.02785   0.01783  0.002477   0.04817       208       640    0.6686    0.8698    0.8608    0.4681   0.02115   0.02006  0.001502
   263/299     2.48G   0.02783   0.01778  0.002491    0.0481       188       640    0.6691    0.8698    0.8609    0.4679   0.02114   0.02006  0.001499
   264/299     2.48G   0.02781   0.01769  0.002534   0.04803       123       640    0.6696    0.8703    0.8611    0.4681   0.02114   0.02006  0.001496
   265/299     2.48G    0.0281   0.01763   0.00242   0.04815       144       640    0.6696    0.8701    0.8614    0.4684   0.02113   0.02005  0.001492
   266/299     2.48G    0.0281   0.01757  0.002557   0.04823       119       640    0.6699    0.8701    0.8615    0.4683   0.02113   0.02005   0.00149
   267/299     2.48G   0.02783   0.01779  0.002455   0.04807       107       640    0.6698    0.8697    0.8612    0.4685   0.02113   0.02004  0.001486
   268/299     2.48G   0.02756   0.01759  0.002506   0.04766       127       640    0.6709    0.8701    0.8617    0.4686   0.02112   0.02004  0.001483
   269/299     2.48G   0.02801   0.01763  0.002314   0.04796       117       640    0.6715    0.8701    0.8618    0.4687   0.02112   0.02003  0.001479
   270/299     2.48G   0.02777   0.01768  0.002346    0.0478       221       640    0.6721    0.8706    0.8624     0.469   0.02111   0.02003  0.001476
   271/299     2.48G   0.02821   0.01785  0.002473   0.04853       139       640    0.6725    0.8704    0.8621    0.4692   0.02111   0.02003  0.001473
   272/299     2.48G   0.02785   0.01752  0.002443   0.04781       123       640    0.6726    0.8706    0.8623    0.4693    0.0211   0.02002   0.00147
   273/299     2.48G    0.0279   0.01759  0.002379   0.04787       152       640    0.6726    0.8705    0.8624    0.4696    0.0211   0.02002  0.001467
   274/299     2.48G   0.02776   0.01759  0.002489   0.04784       146       640    0.6731    0.8707    0.8627    0.4698   0.02109   0.02001  0.001464
   275/299     2.48G   0.02805   0.01767  0.002652   0.04836        67       640    0.6731    0.8707    0.8628    0.4701   0.02109   0.02001   0.00146
   276/299     2.48G   0.02797   0.01771  0.002508    0.0482       147       640    0.6733     0.871    0.8627    0.4703   0.02108   0.02001  0.001457
   277/299     2.48G    0.0276   0.01767  0.002469   0.04775       152       640    0.6738    0.8712    0.8629    0.4705   0.02108      0.02  0.001454
   278/299     2.48G   0.02793   0.01781  0.002734   0.04847       111       640     0.674    0.8712    0.8635    0.4707   0.02107      0.02  0.001451
   279/299     2.48G   0.02841   0.01796  0.002805   0.04917       140       640    0.6747    0.8716    0.8641    0.4707   0.02107   0.01999  0.001448
   280/299     2.48G   0.02825   0.01768  0.002534   0.04846        83       640    0.6749    0.8715    0.8645    0.4707   0.02107   0.01999  0.001445
   281/299     2.48G   0.02772   0.01777  0.002754   0.04824       170       640    0.6748    0.8713    0.8648     0.471   0.02106   0.01999  0.001442
   282/299     2.48G    0.0277   0.01754  0.002485   0.04772        72       640     0.675    0.8715    0.8649    0.4713   0.02106   0.01998   0.00144
   283/299     2.48G    0.0276    0.0177  0.002422   0.04771       143       640     0.677    0.8722     0.865    0.4715   0.02105   0.01998  0.001437
   284/299     2.48G   0.02785   0.01769  0.002378   0.04793       145       640    0.6768    0.8722    0.8651    0.4717   0.02105   0.01998  0.001433
   285/299     2.48G    0.0277   0.01764   0.00252   0.04786        93       640     0.677    0.8722    0.8653    0.4719   0.02104   0.01997   0.00143
   286/299     2.48G    0.0275   0.01741   0.00246   0.04737       133       640    0.6775    0.8724    0.8656    0.4723   0.02104   0.01997  0.001427
   287/299     2.48G   0.02774    0.0175  0.002462    0.0477       150       640    0.6778    0.8728    0.8661    0.4725   0.02104   0.01997  0.001424
   288/299     2.48G   0.02769   0.01783  0.002459   0.04798        90       640    0.6782     0.873    0.8663    0.4727   0.02103   0.01997  0.001421
   289/299     2.48G   0.02766   0.01757  0.002378   0.04761       133       640    0.6788    0.8732    0.8668    0.4728   0.02103   0.01996  0.001418
   290/299     2.48G   0.02786   0.01751  0.002387   0.04775       135       640     0.679    0.8732     0.867    0.4728   0.02102   0.01996  0.001416
   291/299     2.48G   0.02799   0.01757   0.00234    0.0479       122       640    0.6788    0.8731    0.8668     0.473   0.02102   0.01995  0.001413
   292/299     2.48G     0.028   0.01767  0.002711   0.04839        98       640    0.6792    0.8731    0.8669     0.473   0.02101   0.01995   0.00141
   293/299     2.48G   0.02817   0.01749  0.002483   0.04814       133       640    0.6794    0.8732    0.8672    0.4734   0.02101   0.01995  0.001407
   294/299     2.48G   0.02749   0.01772  0.002492    0.0477       170       640    0.6795    0.8732    0.8673    0.4735     0.021   0.01994  0.001404
   295/299     2.48G   0.02752   0.01759  0.002343   0.04745       104       640      0.68    0.8735    0.8676    0.4736     0.021   0.01994  0.001401
   296/299     2.48G   0.02765   0.01745  0.002348   0.04745       147       640    0.6804    0.8735    0.8677    0.4739     0.021   0.01994  0.001399
   297/299     2.48G   0.02768   0.01765  0.002303   0.04763        88       640    0.6811    0.8735    0.8679     0.474   0.02099   0.01993  0.001396
   298/299     2.48G   0.02729   0.01758  0.002283   0.04715       139       640    0.6813    0.8738    0.8681    0.4742   0.02099   0.01993  0.001394
   299/299     2.48G   0.02799   0.01779  0.002357   0.04813       131       640    0.6817    0.8739    0.8682    0.4745   0.02098   0.01993  0.001391
